macsur-heat-stress-study-extent.asc
ncols        134
nrows        158
xllcorner    2625000.000000000000
yllcorner    1416700.000000000000
cellsize     25000.000000000000
NODATA_value -9999
[rows 66 to 98 of 158, columns 0 to 73 of 134]
-9999 -9999 -9999 -9999 -9999 -9999 -9999 -9999 -9999 -9999 -9999 -9999 -9999 -9999 -9999 -9999 -9999 -9999 -9999 -9999 -9999 126063 126064 126065 126066 126067 -9999 -9999 126070 126071 126072 126073 126074 126075 126076 126077 126078 126079 -9999 -9999 -9999 -9999 -9999 -9999 -9999 -9999 -9999 -9999 -9999 -9999 -9999 -9999 -9999 -9999 -9999 -9999 -9999 -9999 -9999 -9999 -9999 -9999 -9999 126105 126106 126107 126108 126109 126110 126111 126112 -9999 -9999 -9999
-9999 -9999 -9999 -9999 -9999 -9999 -9999 -9999 -9999 -9999 -9999 -9999 -9999 -9999 -9999 -9999 -9999 -9999 -9999 -9999 125062 125063 125064 125065 125066 125067 125068 125069 125070 -9999 125072 125073 125074 125075 125076 125077 125078 125079 125080 -9999 -9999 -9999 -9999 -9999 -9999 -9999 -9999 -9999 -9999 -9999 -9999 -9999 -9999 -9999 -9999 -9999 -9999 -9999 -9999 -9999 -9999 -9999 -9999 125105 125106 125107 125108 125109 125110 125111 -9999 -9999 -9999 125115
-9999 -9999 -9999 -9999 -9999 -9999 -9999 -9999 -9999 -9999 -9999 -9999 -9999 -9999 -9999 -9999 124058 124059 -9999 -9999 124062 124063 124064 124065 124066 124067 124068 124069 -9999 124071 124072 124073 124074 124075 124076 124077 124078 124079 124080 -9999 -9999 -9999 -9999 -9999 -9999 -9999 -9999 -9999 -9999 -9999 -9999 -9999 -9999 -9999 -9999 -9999 -9999 -9999 -9999 -9999 -9999 -9999 -9999 124105 124106 124107 124108 124109 124110 124111 124112 124113 124114 124115
-9999 -9999 -9999 -9999 -9999 -9999 -9999 -9999 -9999 -9999 -9999 -9999 -9999 -9999 -9999 123057 123058 123059 123060 123061 123062 123063 123064 123065 123066 123067 123068 123069 -9999 123071 123072 123073 123074 123075 123076 123077 123078 123079 123080 -9999 -9999 -9999 -9999 -9999 -9999 -9999 -9999 -9999 -9999 -9999 -9999 -9999 -9999 -9999 -9999 -9999 -9999 -9999 -9999 -9999 -9999 -9999 -9999 123105 123106 123107 123108 123109 123110 123111 123112 123113 123114 123115
-9999 -9999 -9999 -9999 -9999 -9999 -9999 -9999 -9999 -9999 -9999 -9999 -9999 -9999 -9999 122057 122058 122059 122060 122061 122062 122063 122064 122065 122066 122067 122068 122069 122070 122071 122072 122073 122074 122075 122076 122077 122078 122079 122080 -9999 -9999 -9999 -9999 -9999 -9999 -9999 -9999 -9999 -9999 -9999 -9999 -9999 -9999 -9999 -9999 -9999 -9999 -9999 -9999 -9999 -9999 -9999 -9999 122105 122106 122107 122108 122109 122110 122111 122112 122113 122114 122115
-9999 -9999 -9999 -9999 -9999 -9999 -9999 -9999 -9999 -9999 -9999 -9999 -9999 -9999 -9999 121057 121058 121059 121060 121061 121062 121063 121064 121065 121066 121067 121068 121069 121070 -9999 -9999 -9999 121074 121075 121076 121077 121078 121079 121080 121081 -9999 -9999 -9999 -9999 -9999 -9999 -9999 -9999 -9999 -9999 -9999 -9999 -9999 -9999 -9999 -9999 -9999 -9999 -9999 -9999 -9999 -9999 -9999 121105 121106 121107 121108 121109 121110 121111 121112 121113 121114 121115
-9999 -9999 -9999 -9999 -9999 -9999 -9999 -9999 -9999 -9999 -9999 -9999 -9999 -9999 -9999 120057 120058 120059 120060 120061 120062 120063 120064 120065 120066 120067 120068 -9999 -9999 -9999 -9999 -9999 120074 120075 120076 120077 120078 120079 120080 120081 120082 -9999 -9999 -9999 -9999 -9999 -9999 -9999 -9999 -9999 -9999 -9999 -9999 -9999 -9999 -9999 -9999 -9999 -9999 -9999 -9999 -9999 -9999 -9999 120106 120107 120108 120109 120110 120111 120112 120113 120114 120115
-9999 -9999 -9999 -9999 -9999 -9999 -9999 -9999 -9999 -9999 -9999 -9999 -9999 -9999 -9999 119057 119058 119059 119060 119061 119062 119063 119064 119065 119066 119067 -9999 -9999 -9999 -9999 -9999 -9999 -9999 119075 119076 119077 -9999 119079 119080 119081 119082 -9999 -9999 -9999 -9999 -9999 -9999 -9999 -9999 -9999 -9999 -9999 -9999 -9999 -9999 -9999 -9999 -9999 -9999 -9999 -9999 -9999 -9999 119105 119106 119107 119108 119109 119110 119111 119112 119113 119114 119115
-9999 -9999 -9999 -9999 -9999 -9999 -9999 -9999 -9999 -9999 -9999 -9999 -9999 -9999 -9999 -9999 118058 118059 118060 118061 118062 118063 118064 118065 118066 118067 -9999 -9999 -9999 -9999 -9999 -9999 -9999 118075 118076 118077 118078 118079 118080 118081 118082 118083 -9999 -9999 -9999 -9999 -9999 -9999 -9999 -9999 -9999 -9999 -9999 -9999 -9999 -9999 -9999 -9999 -9999 -9999 -9999 -9999 -9999 118105 118106 118107 118108 118109 -9999 118111 118112 118113 118114 118115
-9999 -9999 -9999 -9999 -9999 -9999 -9999 -9999 -9999 -9999 -9999 -9999 -9999 -9999 -9999 117057 117058 117059 117060 117061 117062 117063 117064 117065 117066 117067 -9999 -9999 -9999 -9999 -9999 -9999 -9999 117075 117076 117077 117078 117079 117080 117081 117082 117083 -9999 -9999 -9999 -9999 -9999 -9999 -9999 -9999 -9999 -9999 -9999 -9999 -9999 -9999 -9999 -9999 -9999 -9999 -9999 -9999 -9999 -9999 117106 117107 117108 117109 117110 117111 117112 117113 -9999 -9999
-9999 -9999 -9999 -9999 -9999 -9999 -9999 -9999 -9999 -9999 -9999 -9999 -9999 -9999 116056 116057 116058 116059 116060 116061 116062 116063 116064 116065 116066 116067 -9999 -9999 -9999 116071 116072 116073 116074 116075 116076 116077 116078 116079 116080 116081 116082 116083 -9999 -9999 -9999 -9999 -9999 -9999 -9999 -9999 -9999 -9999 -9999 -9999 -9999 -9999 -9999 -9999 -9999 -9999 -9999 -9999 -9999 -9999 116106 116107 116108 116109 116110 116111 116112 -9999 116114 116115
-9999 -9999 -9999 -9999 -9999 -9999 -9999 -9999 -9999 -9999 -9999 -9999 115054 115055 115056 115057 115058 115059 115060 115061 115062 115063 115064 115065 115066 115067 -9999 -9999 -9999 115071 115072 115073 115074 115075 115076 115077 115078 115079 115080 115081 115082 115083 -9999 -9999 -9999 -9999 -9999 -9999 -9999 -9999 -9999 -9999 -9999 -9999 -9999 -9999 -9999 -9999 -9999 -9999 -9999 -9999 -9999 -9999 115106 115107 115108 115109 115110 115111 115112 115113 115114 115115
-9999 -9999 -9999 -9999 -9999 -9999 -9999 -9999 -9999 -9999 -9999 -9999 114054 114055 114056 114057 114058 114059 114060 114061 114062 114063 114064 114065 114066 -9999 -9999 -9999 114070 114071 114072 114073 114074 114075 114076 114077 114078 114079 114080 114081 114082 114083 114084 -9999 -9999 -9999 -9999 -9999 -9999 -9999 -9999 -9999 -9999 -9999 -9999 -9999 -9999 -9999 -9999 -9999 114102 114103 114104 114105 114106 114107 114108 114109 114110 114111 114112 114113 114114 114115
-9999 -9999 -9999 -9999 -9999 -9999 -9999 -9999 -9999 -9999 -9999 -9999 113054 113055 113056 113057 113058 113059 113060 113061 113062 113063 113064 113065 113066 -9999 -9999 -9999 -9999 -9999 113072 113073 113074 113075 113076 113077 113078 113079 113080 113081 113082 113083 113084 -9999 -9999 -9999 -9999 -9999 -9999 -9999 -9999 -9999 -9999 -9999 -9999 -9999 113098 113099 113100 113101 113102 113103 113104 113105 113106 113107 113108 113109 113110 113111 113112 113113 113114 113115
-9999 -9999 -9999 -9999 -9999 -9999 -9999 -9999 -9999 -9999 -9999 -9999 -9999 112055 112056 112057 112058 112059 112060 112061 112062 112063 112064 112065 -9999 -9999 -9999 -9999 -9999 112071 112072 112073 112074 112075 112076 112077 112078 112079 112080 112081 112082 112083 112084 112085 112086 -9999 -9999 -9999 -9999 -9999 -9999 -9999 -9999 112095 112096 112097 112098 112099 112100 112101 112102 112103 112104 112105 112106 112107 112108 112109 112110 112111 112112 112113 112114 112115
-9999 -9999 -9999 -9999 -9999 -9999 -9999 -9999 -9999 -9999 -9999 -9999 -9999 111055 111056 111057 111058 111059 -9999 -9999 -9999 -9999 -9999 -9999 -9999 -9999 -9999 111069 111070 111071 111072 111073 111074 111075 111076 111077 111078 111079 111080 111081 111082 111083 111084 111085 111086 111087 -9999 -9999 -9999 -9999 -9999 -9999 -9999 111095 111096 111097 111098 111099 111100 111101 111102 111103 111104 111105 111106 111107 111108 111109 111110 111111 111112 111113 111114 111115
-9999 -9999 -9999 -9999 -9999 -9999 -9999 -9999 -9999 -9999 -9999 -9999 -9999 -9999 -9999 -9999 -9999 -9999 -9999 -9999 -9999 -9999 -9999 -9999 -9999 -9999 110068 110069 110070 110071 110072 110073 110074 110075 110076 110077 110078 110079 110080 110081 110082 110083 110084 110085 110086 110087 -9999 -9999 -9999 -9999 -9999 -9999 -9999 110095 110096 110097 110098 110099 110100 110101 110102 110103 110104 110105 110106 110107 110108 110109 110110 110111 110112 110113 110114 110115
-9999 -9999 -9999 -9999 -9999 -9999 -9999 -9999 -9999 -9999 -9999 -9999 -9999 -9999 -9999 -9999 -9999 -9999 -9999 -9999 -9999 -9999 -9999 -9999 -9999 -9999 109068 109069 109070 109071 109072 109073 109074 109075 109076 109077 109078 109079 109080 109081 109082 109083 109084 109085 109086 109087 -9999 -9999 -9999 -9999 -9999 -9999 -9999 109095 109096 109097 109098 109099 109100 109101 109102 109103 109104 109105 109106 109107 109108 109109 109110 109111 109112 109113 109114 109115
-9999 -9999 -9999 -9999 -9999 -9999 -9999 -9999 -9999 -9999 -9999 -9999 -9999 -9999 -9999 -9999 -9999 -9999 -9999 -9999 -9999 -9999 -9999 -9999 -9999 -9999 -9999 -9999 108070 108071 108072 108073 108074 108075 108076 108077 108078 108079 108080 108081 108082 108083 108084 108085 108086 -9999 -9999 -9999 -9999 -9999 -9999 -9999 108094 108095 108096 108097 108098 108099 108100 108101 108102 108103 108104 108105 108106 108107 108108 108109 108110 108111 108112 108113 108114 108115
-9999 -9999 -9999 -9999 -9999 -9999 -9999 -9999 -9999 -9999 -9999 -9999 -9999 -9999 -9999 -9999 -9999 -9999 -9999 -9999 -9999 -9999 -9999 -9999 -9999 -9999 -9999 -9999 -9999 -9999 107072 107073 107074 107075 107076 107077 107078 107079 107080 107081 107082 107083 107084 107085 107086 -9999 -9999 -9999 -9999 -9999 -9999 107093 107094 107095 107096 107097 107098 107099 107100 107101 107102 107103 107104 107105 107106 107107 107108 107109 107110 107111 107112 107113 107114 107115
-9999 -9999 -9999 -9999 -9999 -9999 -9999 -9999 -9999 -9999 -9999 -9999 -9999 -9999 -9999 -9999 -9999 -9999 -9999 -9999 -9999 -9999 -9999 -9999 -9999 -9999 -9999 106069 106070 106071 106072 106073 106074 106075 106076 106077 106078 106079 106080 106081 106082 106083 106084 -9999 -9999 -9999 -9999 -9999 -9999 -9999 106092 106093 106094 106095 106096 106097 106098 106099 106100 106101 106102 106103 106104 106105 106106 106107 106108 106109 106110 106111 106112 106113 106114 106115
-9999 -9999 -9999 -9999 -9999 -9999 -9999 -9999 -9999 -9999 -9999 -9999 -9999 -9999 -9999 -9999 -9999 -9999 -9999 -9999 -9999 -9999 -9999 -9999 -9999 -9999 105068 105069 105070 105071 105072 105073 105074 105075 105076 105077 105078 105079 105080 105081 105082 105083 105084 105085 105086 -9999 -9999 -9999 -9999 105091 105092 105093 105094 105095 105096 105097 105098 105099 105100 105101 105102 105103 105104 105105 105106 105107 105108 105109 105110 105111 105112 105113 105114 105115
-9999 -9999 -9999 -9999 -9999 -9999 -9999 -9999 -9999 -9999 -9999 -9999 -9999 -9999 -9999 -9999 -9999 -9999 -9999 -9999 -9999 -9999 -9999 -9999 -9999 104067 104068 104069 104070 104071 104072 104073 104074 104075 104076 104077 104078 104079 104080 104081 104082 104083 104084 104085 -9999 -9999 -9999 104089 104090 104091 104092 104093 104094 104095 104096 104097 104098 104099 104100 104101 104102 104103 104104 104105 104106 104107 104108 104109 104110 104111 104112 104113 104114 104115
-9999 -9999 -9999 -9999 -9999 -9999 -9999 -9999 -9999 -9999 -9999 -9999 -9999 -9999 -9999 -9999 -9999 -9999 -9999 -9999 -9999 -9999 -9999 103065 103066 103067 103068 103069 103070 103071 103072 -9999 103074 103075 103076 103077 103078 103079 103080 103081 103082 103083 103084 -9999 103086 103087 103088 103089 103090 103091 103092 103093 103094 103095 103096 103097 103098 103099 103100 103101 103102 103103 103104 103105 103106 103107 103108 103109 103110 103111 103112 103113 103114 103115
-9999 -9999 -9999 -9999 -9999 -9999 -9999 -9999 -9999 -9999 -9999 -9999 -9999 -9999 -9999 -9999 -9999 -9999 -9999 -9999 -9999 -9999 -9999 102065 102066 102067 -9999 -9999 102070 102071 -9999 -9999 -9999 -9999 -9999 102077 102078 -9999 -9999 -9999 -9999 -9999 -9999 -9999 102086 102087 102088 102089 102090 102091 102092 102093 102094 102095 102096 102097 102098 102099 102100 102101 102102 102103 102104 102105 102106 102107 102108 102109 102110 102111 102112 102113 102114 102115
-9999 -9999 -9999 -9999 -9999 -9999 -9999 -9999 -9999 -9999 -9999 -9999 -9999 -9999 -9999 -9999 -9999 -9999 -9999 -9999 -9999 -9999 -9999 -9999 -9999 -9999 -9999 -9999 -9999 -9999 -9999 -9999 -9999 -9999 -9999 -9999 -9999 -9999 -9999 -9999 -9999 -9999 -9999 101085 101086 101087 101088 101089 101090 101091 101092 101093 101094 101095 101096 101097 101098 101099 101100 101101 101102 101103 101104 101105 101106 101107 101108 101109 101110 101111 101112 101113 101114 101115
-9999 -9999 -9999 -9999 -9999 -9999 -9999 -9999 -9999 -9999 -9999 -9999 -9999 -9999 -9999 -9999 -9999 -9999 -9999 -9999 -9999 -9999 -9999 -9999 -9999 -9999 -9999 -9999 -9999 -9999 -9999 -9999 -9999 -9999 -9999 -9999 -9999 -9999 -9999 -9999 -9999 -9999 -9999 100085 100086 100087 100088 100089 100090 100091 100092 100093 100094 100095 100096 100097 100098 100099 100100 100101 100102 100103 100104 100105 100106 100107 100108 100109 100110 100111 100112 100113 100114 100115
-9999 -9999 -9999 -9999 -9999 -9999 -9999 -9999 -9999 -9999 -9999 -9999 -9999 -9999 -9999 -9999 -9999 -9999 -9999 -9999 -9999 -9999 -9999 -9999 -9999 -9999 -9999 -9999 -9999 -9999 -9999 -9999 -9999 99075 99076 99077 -9999 -9999 -9999 -9999 -9999 99083 99084 99085 99086 99087 99088 99089 99090 99091 99092 99093 99094 99095 99096 99097 99098 99099 99100 99101 99102 99103 99104 99105 99106 99107 99108 99109 99110 99111 99112 99113 99114 99115
-9999 -9999 -9999 -9999 -9999 -9999 -9999 -9999 -9999 -9999 -9999 -9999 -9999 -9999 -9999 -9999 -9999 -9999 -9999 -9999 -9999 -9999 -9999 -9999 -9999 -9999 -9999 -9999 -9999 -9999 -9999 -9999 -9999 98075 98076 98077 -9999 -9999 -9999 98081 98082 98083 98084 98085 98086 98087 98088 98089 98090 98091 98092 98093 98094 98095 98096 98097 98098 98099 98100 98101 98102 98103 98104 98105 98106 98107 98108 98109 98110 98111 98112 98113 98114 98115
-9999 -9999 -9999 -9999 -9999 -9999 -9999 -9999 -9999 -9999 -9999 -9999 -9999 -9999 -9999 -9999 -9999 -9999 -9999 -9999 -9999 -9999 -9999 -9999 -9999 -9999 -9999 -9999 -9999 -9999 -9999 -9999 -9999 97075 97076 97077 97078 97079 -9999 97081 97082 97083 97084 97085 97086 97087 97088 97089 97090 97091 97092 97093 97094 97095 97096 97097 97098 97099 97100 97101 97102 97103 97104 97105 97106 97107 97108 97109 97110 97111 97112 97113 97114 97115
-9999 -9999 -9999 -9999 -9999 -9999 -9999 -9999 -9999 -9999 -9999 -9999 -9999 -9999 -9999 -9999 -9999 -9999 -9999 -9999 -9999 -9999 -9999 -9999 -9999 96067 96068 -9999 96070 96071 -9999 -9999 -9999 -9999 96076 96077 96078 96079 96080 96081 96082 96083 96084 96085 96086 96087 96088 96089 96090 96091 96092 96093 96094 96095 96096 96097 96098 96099 96100 96101 96102 96103 96104 96105 96106 96107 96108 96109 96110 96111 96112 96113 96114 96115
-9999 -9999 -9999 -9999 -9999 -9999 -9999 -9999 -9999 -9999 -9999 -9999 -9999 -9999 -9999 -9999 -9999 -9999 -9999 -9999 -9999 -9999 -9999 95065 95066 95067 95068 95069 95070 95071 95072 -9999 -9999 95075 95076 95077 95078 95079 95080 95081 95082 95083 95084 95085 95086 95087 95088 95089 95090 95091 95092 95093 95094 95095 95096 95097 95098 95099 95100 95101 95102 95103 95104 95105 95106 95107 95108 95109 95110 95111 95112 95113 95114 95115
-9999 -9999 -9999 -9999 -9999 -9999 -9999 -9999 -9999 -9999 -9999 -9999 -9999 -9999 -9999 -9999 -9999 -9999 -9999 -9999 -9999 -9999 -9999 -9999 94066 94067 94068 94069 94070 94071 94072 94073 94074 94075 94076 94077 94078 94079 94080 94081 94082 94083 94084 94085 94086 94087 94088 94089 94090 94091 94092 94093 94094 94095 94096 94097 94098 94099 94100 94101 94102 94103 94104 94105 94106 94107 94108 94109 94110 94111 94112 94113 94114 94115
