macsur-heat-stress-study-extent.asc
ncols        134
nrows        158
xllcorner    2625000.000000000000
yllcorner    1416700.000000000000
cellsize     25000.000000000000
NODATA_value -9999
[rows 99 to 131 of 158, columns 0 to 73 of 134]
-9999 -9999 -9999 -9999 -9999 -9999 -9999 -9999 -9999 -9999 -9999 -9999 -9999 -9999 -9999 -9999 -9999 -9999 -9999 -9999 -9999 -9999 -9999 -9999 93066 93067 93068 93069 93070 93071 93072 93073 93074 93075 93076 93077 93078 93079 93080 93081 93082 93083 93084 93085 93086 93087 93088 93089 93090 93091 93092 93093 93094 93095 93096 93097 93098 93099 93100 93101 93102 93103 93104 93105 93106 93107 93108 93109 93110 93111 93112 93113 93114 93115
-9999 -9999 -9999 -9999 -9999 -9999 -9999 -9999 -9999 -9999 -9999 -9999 -9999 -9999 -9999 -9999 -9999 -9999 -9999 -9999 -9999 -9999 -9999 -9999 -9999 92067 92068 92069 92070 92071 92072 92073 92074 92075 92076 92077 92078 92079 92080 92081 92082 92083 92084 92085 92086 92087 92088 92089 92090 92091 92092 92093 92094 92095 92096 92097 92098 92099 92100 92101 92102 92103 92104 92105 92106 92107 92108 92109 92110 92111 92112 92113 92114 92115
-9999 -9999 -9999 -9999 -9999 -9999 -9999 -9999 -9999 -9999 -9999 -9999 -9999 -9999 -9999 -9999 -9999 -9999 -9999 -9999 -9999 -9999 -9999 -9999 -9999 -9999 91068 91069 91070 91071 91072 91073 91074 91075 91076 91077 91078 91079 91080 91081 91082 91083 91084 91085 91086 91087 91088 91089 91090 91091 91092 91093 91094 91095 91096 91097 91098 91099 91100 91101 91102 91103 91104 91105 91106 91107 91108 91109 91110 91111 91112 91113 91114 91115
-9999 -9999 -9999 -9999 -9999 -9999 -9999 -9999 -9999 -9999 -9999 -9999 -9999 -9999 -9999 -9999 -9999 -9999 -9999 -9999 -9999 -9999 -9999 -9999 -9999 -9999 -9999 90069 90070 90071 90072 90073 90074 90075 90076 90077 90078 90079 90080 90081 90082 90083 90084 90085 90086 90087 90088 90089 90090 90091 90092 90093 90094 90095 90096 90097 90098 90099 90100 90101 90102 90103 90104 90105 90106 90107 90108 90109 90110 90111 90112 90113 90114 90115
-9999 -9999 -9999 -9999 -9999 -9999 -9999 -9999 -9999 -9999 -9999 -9999 -9999 -9999 -9999 -9999 -9999 -9999 -9999 -9999 -9999 -9999 -9999 -9999 -9999 -9999 -9999 -9999 89070 89071 89072 89073 89074 89075 89076 89077 89078 89079 89080 89081 89082 89083 89084 89085 89086 89087 89088 89089 89090 89091 89092 89093 89094 89095 89096 89097 89098 89099 89100 89101 89102 89103 89104 89105 89106 89107 89108 89109 89110 89111 89112 89113 89114 89115
-9999 -9999 -9999 -9999 -9999 -9999 -9999 -9999 -9999 -9999 -9999 -9999 -9999 -9999 -9999 -9999 -9999 -9999 -9999 -9999 -9999 -9999 -9999 -9999 -9999 -9999 -9999 -9999 -9999 -9999 88072 88073 88074 88075 88076 88077 88078 88079 88080 88081 88082 88083 88084 88085 88086 88087 88088 88089 88090 88091 88092 88093 88094 88095 88096 88097 88098 88099 88100 88101 88102 88103 88104 88105 88106 88107 88108 88109 88110 88111 88112 88113 88114 88115
-9999 -9999 -9999 -9999 -9999 -9999 -9999 -9999 -9999 -9999 -9999 -9999 -9999 -9999 -9999 -9999 -9999 -9999 -9999 -9999 -9999 -9999 -9999 -9999 -9999 -9999 -9999 -9999 -9999 -9999 87072 87073 87074 87075 87076 87077 87078 87079 87080 87081 87082 87083 87084 87085 87086 87087 87088 87089 87090 87091 87092 87093 87094 87095 87096 87097 87098 87099 87100 87101 87102 87103 87104 87105 87106 87107 87108 87109 87110 87111 87112 87113 87114 87115
-9999 -9999 -9999 -9999 -9999 -9999 -9999 -9999 -9999 -9999 -9999 -9999 -9999 -9999 -9999 -9999 -9999 -9999 -9999 -9999 -9999 -9999 -9999 -9999 -9999 -9999 -9999 -9999 -9999 -9999 86072 86073 86074 86075 86076 86077 86078 86079 86080 86081 86082 86083 86084 86085 86086 86087 86088 86089 86090 86091 86092 86093 86094 86095 86096 86097 86098 86099 86100 86101 86102 86103 -9999 -9999 -9999 -9999 86108 86109 86110 86111 86112 86113 86114 86115
-9999 -9999 -9999 -9999 -9999 -9999 -9999 -9999 -9999 -9999 -9999 -9999 -9999 -9999 -9999 -9999 -9999 -9999 -9999 -9999 -9999 -9999 -9999 -9999 -9999 -9999 -9999 -9999 -9999 -9999 -9999 85073 85074 85075 85076 85077 85078 85079 85080 85081 85082 85083 85084 85085 85086 85087 85088 85089 85090 85091 85092 85093 85094 85095 85096 85097 85098 85099 85100 -9999 -9999 -9999 -9999 -9999 -9999 -9999 85108 85109 -9999 85111 85112 85113 85114 85115
-9999 -9999 -9999 -9999 -9999 -9999 -9999 -9999 -9999 -9999 -9999 -9999 -9999 -9999 -9999 -9999 -9999 -9999 -9999 -9999 -9999 -9999 -9999 -9999 -9999 -9999 -9999 -9999 -9999 -9999 -9999 84073 84074 84075 84076 84077 84078 84079 84080 84081 84082 84083 84084 84085 84086 84087 84088 84089 84090 84091 84092 84093 84094 84095 84096 84097 84098 84099 -9999 -9999 -9999 -9999 -9999 -9999 -9999 -9999 84108 84109 -9999 84111 -9999 84113 84114 84115
-9999 -9999 -9999 -9999 -9999 -9999 -9999 -9999 -9999 -9999 -9999 -9999 -9999 -9999 -9999 -9999 -9999 -9999 -9999 -9999 -9999 -9999 -9999 -9999 -9999 -9999 -9999 -9999 -9999 -9999 -9999 -9999 83074 83075 83076 83077 83078 83079 83080 83081 83082 83083 83084 83085 83086 83087 83088 83089 83090 83091 83092 83093 83094 83095 83096 83097 83098 83099 -9999 -9999 -9999 -9999 -9999 -9999 -9999 -9999 -9999 -9999 -9999 83111 83112 83113 83114 83115
-9999 -9999 -9999 -9999 -9999 -9999 -9999 -9999 -9999 -9999 -9999 -9999 -9999 -9999 -9999 -9999 -9999 -9999 -9999 -9999 -9999 -9999 -9999 -9999 -9999 -9999 -9999 -9999 -9999 -9999 -9999 -9999 82074 82075 82076 82077 82078 82079 82080 82081 82082 82083 82084 82085 82086 82087 82088 82089 82090 82091 82092 82093 82094 82095 82096 82097 82098 82099 82100 -9999 -9999 -9999 -9999 82105 -9999 -9999 -9999 -9999 82110 82111 82112 82113 82114 82115
-9999 -9999 -9999 -9999 -9999 -9999 -9999 -9999 -9999 -9999 -9999 -9999 -9999 -9999 -9999 -9999 -9999 -9999 -9999 -9999 -9999 -9999 -9999 -9999 -9999 -9999 -9999 -9999 -9999 -9999 -9999 -9999 -9999 81075 81076 81077 81078 81079 81080 81081 81082 81083 81084 81085 81086 81087 81088 81089 81090 81091 81092 81093 81094 81095 81096 81097 81098 81099 81100 -9999 -9999 81103 81104 81105 -9999 81107 81108 81109 81110 81111 81112 81113 81114 81115
-9999 -9999 -9999 -9999 -9999 -9999 -9999 -9999 -9999 -9999 -9999 -9999 -9999 -9999 -9999 -9999 -9999 -9999 -9999 -9999 -9999 -9999 -9999 -9999 -9999 -9999 -9999 -9999 -9999 -9999 -9999 -9999 -9999 80075 80076 80077 80078 80079 80080 80081 80082 80083 80084 80085 80086 80087 80088 80089 80090 80091 80092 80093 80094 80095 80096 80097 80098 80099 80100 -9999 -9999 80103 80104 80105 80106 80107 80108 80109 80110 80111 80112 80113 80114 80115
-9999 -9999 -9999 -9999 -9999 -9999 -9999 -9999 -9999 -9999 -9999 -9999 -9999 -9999 -9999 -9999 -9999 -9999 -9999 -9999 -9999 -9999 -9999 -9999 -9999 -9999 -9999 -9999 -9999 -9999 -9999 -9999 -9999 79075 79076 79077 79078 79079 79080 79081 79082 79083 79084 79085 79086 79087 79088 79089 79090 79091 79092 79093 79094 79095 79096 79097 79098 79099 79100 79101 79102 79103 79104 79105 79106 79107 79108 79109 79110 79111 79112 79113 79114 79115
-9999 -9999 -9999 -9999 -9999 -9999 -9999 -9999 -9999 -9999 -9999 -9999 -9999 -9999 -9999 -9999 -9999 -9999 -9999 -9999 -9999 -9999 -9999 -9999 -9999 -9999 -9999 -9999 -9999 -9999 -9999 -9999 78074 78075 78076 78077 78078 78079 78080 78081 78082 78083 78084 78085 78086 78087 78088 78089 78090 78091 78092 78093 78094 78095 78096 78097 78098 78099 78100 78101 78102 78103 78104 78105 78106 78107 78108 78109 78110 78111 78112 78113 78114 78115
-9999 -9999 -9999 -9999 -9999 -9999 -9999 -9999 -9999 -9999 -9999 -9999 -9999 -9999 -9999 -9999 -9999 -9999 -9999 -9999 -9999 -9999 -9999 -9999 -9999 -9999 -9999 -9999 -9999 -9999 -9999 -9999 77074 77075 77076 77077 77078 77079 77080 77081 77082 77083 77084 77085 77086 77087 77088 77089 77090 77091 77092 77093 77094 77095 77096 77097 77098 77099 77100 77101 77102 77103 77104 77105 77106 77107 77108 77109 77110 77111 77112 77113 77114 77115
-9999 -9999 -9999 -9999 -9999 -9999 -9999 -9999 -9999 76051 76052 76053 76054 -9999 -9999 -9999 -9999 -9999 -9999 -9999 -9999 -9999 -9999 -9999 -9999 -9999 -9999 -9999 -9999 -9999 -9999 -9999 76074 76075 76076 76077 76078 76079 76080 76081 76082 76083 76084 76085 76086 76087 76088 76089 76090 76091 76092 76093 76094 76095 76096 76097 76098 76099 76100 76101 76102 76103 76104 76105 76106 76107 76108 76109 76110 76111 76112 76113 76114 76115
-9999 -9999 -9999 -9999 -9999 75047 75048 75049 75050 75051 75052 75053 75054 75055 75056 75057 -9999 -9999 -9999 -9999 -9999 -9999 -9999 -9999 -9999 -9999 -9999 -9999 -9999 -9999 -9999 -9999 75074 75075 75076 75077 75078 75079 75080 75081 75082 75083 75084 75085 75086 75087 75088 75089 75090 75091 75092 75093 75094 75095 75096 75097 75098 75099 75100 75101 75102 75103 75104 75105 75106 75107 75108 75109 75110 75111 75112 75113 75114 75115
-9999 -9999 -9999 -9999 -9999 74047 74048 74049 74050 74051 74052 74053 74054 74055 74056 74057 74058 74059 74060 -9999 -9999 -9999 -9999 -9999 -9999 -9999 -9999 -9999 -9999 -9999 -9999 74073 74074 74075 74076 74077 74078 74079 74080 74081 74082 74083 74084 74085 74086 74087 74088 74089 74090 74091 74092 74093 74094 74095 74096 74097 74098 74099 74100 74101 74102 74103 74104 74105 74106 74107 74108 74109 74110 74111 74112 74113 74114 74115
-9999 -9999 -9999 -9999 -9999 73047 73048 73049 73050 73051 73052 73053 73054 73055 73056 73057 73058 73059 73060 73061 73062 73063 -9999 73065 -9999 -9999 -9999 -9999 -9999 -9999 -9999 73073 73074 73075 73076 73077 73078 73079 73080 73081 73082 73083 73084 73085 73086 73087 73088 73089 73090 73091 73092 73093 73094 73095 73096 73097 73098 73099 73100 73101 73102 73103 73104 73105 73106 73107 73108 73109 73110 73111 73112 73113 73114 73115
-9999 -9999 -9999 -9999 -9999 72047 72048 72049 72050 72051 72052 72053 72054 72055 72056 72057 72058 72059 72060 72061 72062 72063 72064 72065 72066 72067 -9999 -9999 -9999 -9999 72072 72073 72074 72075 72076 72077 72078 72079 72080 72081 72082 72083 72084 72085 72086 72087 72088 72089 72090 72091 72092 72093 72094 72095 72096 72097 72098 72099 72100 72101 72102 72103 72104 72105 -9999 72107 72108 72109 72110 72111 72112 72113 72114 72115
-9999 -9999 -9999 -9999 -9999 -9999 71048 71049 71050 71051 71052 71053 71054 71055 71056 71057 71058 71059 71060 71061 71062 71063 71064 71065 71066 71067 -9999 -9999 -9999 71071 71072 71073 71074 71075 71076 71077 71078 71079 71080 71081 71082 71083 71084 71085 71086 71087 71088 71089 71090 71091 71092 71093 71094 71095 71096 71097 71098 71099 71100 71101 71102 71103 71104 -9999 -9999 -9999 71108 71109 71110 71111 71112 71113 71114 71115
-9999 -9999 -9999 -9999 -9999 70047 70048 70049 70050 70051 70052 70053 70054 70055 70056 70057 70058 70059 70060 70061 70062 70063 70064 70065 70066 70067 70068 -9999 70070 70071 70072 70073 70074 70075 70076 70077 70078 70079 70080 70081 70082 70083 70084 70085 70086 70087 70088 70089 70090 70091 70092 70093 70094 70095 70096 70097 70098 70099 70100 70101 70102 70103 -9999 -9999 -9999 -9999 -9999 -9999 70110 70111 70112 70113 70114 70115
-9999 -9999 -9999 -9999 -9999 69047 69048 69049 69050 69051 69052 69053 69054 69055 69056 69057 69058 69059 69060 69061 69062 69063 69064 69065 69066 69067 69068 69069 69070 69071 69072 69073 69074 69075 69076 69077 69078 69079 69080 69081 69082 69083 69084 69085 69086 69087 69088 69089 69090 69091 69092 69093 69094 69095 69096 69097 69098 69099 69100 -9999 -9999 -9999 -9999 -9999 -9999 -9999 -9999 -9999 69110 69111 69112 69113 69114 69115
-9999 -9999 -9999 -9999 -9999 68047 68048 68049 68050 68051 68052 68053 68054 68055 68056 68057 68058 68059 68060 68061 68062 68063 68064 68065 68066 68067 68068 68069 68070 68071 68072 68073 68074 68075 68076 68077 68078 68079 68080 68081 68082 68083 68084 68085 68086 68087 68088 -9999 -9999 -9999 -9999 68093 68094 68095 68096 68097 68098 68099 -9999 -9999 -9999 -9999 -9999 -9999 -9999 -9999 -9999 68109 68110 68111 68112 68113 68114 68115
-9999 -9999 -9999 -9999 -9999 67047 67048 67049 67050 67051 67052 67053 67054 67055 67056 67057 67058 67059 67060 67061 67062 67063 67064 67065 67066 67067 67068 67069 67070 67071 67072 67073 67074 67075 67076 67077 67078 67079 67080 67081 67082 67083 67084 67085 67086 67087 -9999 -9999 -9999 -9999 -9999 -9999 -9999 67095 67096 67097 67098 -9999 -9999 -9999 -9999 -9999 -9999 -9999 -9999 -9999 -9999 -9999 -9999 67111 67112 67113 67114 67115
-9999 -9999 -9999 -9999 -9999 66047 66048 66049 66050 66051 66052 66053 66054 66055 66056 66057 66058 66059 66060 66061 66062 66063 66064 66065 66066 66067 66068 66069 66070 66071 66072 66073 66074 66075 66076 66077 66078 66079 66080 66081 66082 66083 66084 66085 66086 66087 -9999 -9999 -9999 -9999 -9999 -9999 -9999 -9999 -9999 -9999 -9999 -9999 -9999 -9999 -9999 -9999 -9999 -9999 -9999 66107 66108 -9999 -9999 66111 66112 66113 66114 66115
-9999 -9999 -9999 -9999 -9999 65047 65048 65049 65050 65051 65052 65053 65054 65055 65056 65057 65058 65059 65060 65061 65062 65063 65064 65065 65066 65067 65068 65069 65070 65071 65072 65073 65074 65075 65076 65077 65078 65079 65080 65081 65082 65083 65084 65085 65086 65087 -9999 -9999 -9999 -9999 -9999 -9999 -9999 -9999 -9999 -9999 -9999 -9999 -9999 -9999 -9999 -9999 -9999 -9999 65106 65107 65108 -9999 65110 65111 65112 65113 65114 65115
-9999 -9999 -9999 -9999 64046 64047 64048 64049 64050 64051 64052 64053 64054 64055 64056 64057 64058 64059 64060 64061 64062 64063 64064 64065 64066 64067 64068 64069 64070 64071 64072 64073 64074 64075 64076 64077 64078 64079 64080 64081 64082 64083 64084 64085 64086 64087 -9999 -9999 -9999 -9999 -9999 -9999 -9999 -9999 -9999 -9999 -9999 -9999 -9999 -9999 -9999 -9999 -9999 64105 64106 64107 64108 -9999 64110 -9999 -9999 64113 64114 64115
-9999 -9999 -9999 -9999 63046 63047 63048 63049 63050 63051 63052 63053 63054 63055 63056 63057 63058 63059 63060 63061 63062 63063 63064 63065 63066 63067 63068 63069 63070 63071 63072 63073 63074 63075 63076 63077 63078 63079 63080 63081 63082 63083 63084 63085 63086 63087 -9999 -9999 -9999 -9999 -9999 -9999 -9999 -9999 -9999 -9999 -9999 -9999 -9999 -9999 -9999 -9999 -9999 63105 63106 63107 63108 -9999 -9999 -9999 -9999 -9999 63114 63115
-9999 -9999 -9999 62045 62046 62047 62048 62049 62050 62051 62052 62053 62054 62055 62056 62057 62058 62059 62060 62061 62062 62063 62064 62065 62066 62067 62068 62069 62070 62071 62072 62073 62074 62075 62076 62077 62078 62079 62080 62081 62082 62083 62084 62085 62086 62087 -9999 -9999 -9999 -9999 -9999 -9999 -9999 -9999 -9999 -9999 -9999 -9999 -9999 -9999 -9999 -9999 -9999 62105 62106 62107 62108 -9999 -9999 -9999 -9999 -9999 -9999 62115
-9999 -9999 -9999 61045 61046 61047 61048 61049 61050 61051 61052 61053 61054 61055 61056 61057 61058 61059 61060 61061 61062 61063 61064 61065 61066 61067 61068 61069 61070 61071 61072 61073 61074 61075 61076 61077 61078 61079 61080 61081 61082 61083 61084 61085 -9999 -9999 -9999 -9999 -9999 -9999 -9999 -9999 -9999 -9999 -9999 -9999 -9999 -9999 -9999 -9999 -9999 -9999 -9999 61105 61106 61107 -9999 -9999 -9999 -9999 -9999 -9999 -9999 -9999
